A=[16,3;1,1];
b=[127;12];
x=A\b