A=[2500, 10500;1,1];
b=[483000;78];
x=A\b